XP_004038851.3	XP_004038851.3	100.000	609	0	0	1	609	1	609	0.0	1238
XP_004038851.3	XP_003832390.1	98.686	609	8	0	1	609	1	609	0.0	1224
XP_004038851.3	BAG60658.1	97.087	618	9	1	1	609	1	618	0.0	1211
XP_004038851.3	XP_003265777.1	97.373	609	16	0	1	609	1	609	0.0	1209
XP_004038851.3	XP_031520350.1	93.421	608	40	0	1	608	1	608	0.0	1171
XP_004038851.3	XP_007997053.1	93.257	608	41	0	1	608	1	608	0.0	1167
XP_004038851.3	BAF47379.1	93.586	608	39	0	1	608	1	608	0.0	1167
XP_004038851.3	XP_005582958.3	30.612	49	34	0	393	441	1490	1538	0.71	24.6
XP_004038851.3	XP_005582958.3	37.931	29	18	0	557	585	1216	1244	4.5	22.3
XP_004038851.3	XP_005582958.3	31.818	66	34	4	384	444	1441	1500	9.1	21.2
XP_004038851.3	XP_009187945.3	30.612	49	34	0	393	441	1490	1538	0.71	24.6
XP_004038851.3	XP_009187945.3	31.818	66	34	4	384	444	1441	1500	8.9	21.2
XP_004038851.3	XP_009187945.3	37.931	29	18	0	557	585	1216	1244	9.0	21.2
XP_004038851.3	XP_030656388.1	30.612	49	34	0	393	441	1489	1537	0.78	24.6
XP_004038851.3	XP_030656388.1	37.931	29	18	0	557	585	1215	1243	4.9	21.9
XP_004038851.3	XP_037843238.1	30.612	49	34	0	393	441	1492	1540	0.78	24.6
XP_004038851.3	XP_037843238.1	37.931	29	18	0	557	585	1218	1246	6.8	21.6
XP_004038851.3	XP_063556699.1	30.612	49	34	0	393	441	1493	1541	0.78	24.6
XP_004038851.3	XP_063556699.1	37.931	29	18	0	557	585	1219	1247	8.8	21.2
XP_004038851.3	XP_018893533.1	52.941	17	8	0	565	581	112	128	0.90	24.3
XP_004038851.3	XP_003831112.2	52.941	17	8	0	565	581	112	128	0.90	24.3
XP_004038851.3	NP_002273.3	52.941	17	8	0	565	581	112	128	0.90	24.3
XP_004038851.3	XP_030678475.1	52.941	17	8	0	565	581	112	128	0.92	24.3
XP_004038851.3	XP_034798266.3	30.612	49	34	0	393	441	1489	1537	1.1	24.3
XP_004038851.3	XP_034798266.3	37.931	29	18	0	557	585	1215	1243	4.5	22.3
XP_004038851.3	XP_003906457.1	52.941	17	8	0	565	581	112	128	2.2	23.1
XP_004038851.3	XP_008001520.2	52.941	17	8	0	565	581	112	128	2.2	23.1
XP_004038851.3	XP_005570980.3	52.941	17	8	0	565	581	112	128	2.3	23.1
XP_004038851.3	AAC17185.1	28.571	49	35	0	393	441	1490	1538	5.7	21.9
XP_004038851.3	AAC17185.1	37.931	29	18	0	557	585	1216	1244	9.1	21.2
XP_004038851.3	2N3Y_A	45.000	20	11	0	547	566	85	104	9.7	20.0
XP_003832390.1	XP_003832390.1	100.000	609	0	0	1	609	1	609	0.0	1238
XP_003832390.1	XP_004038851.3	98.686	609	8	0	1	609	1	609	0.0	1224
XP_003832390.1	BAG60658.1	96.926	618	10	1	1	609	1	618	0.0	1210
XP_003832390.1	XP_003265777.1	97.044	609	18	0	1	609	1	609	0.0	1206
XP_003832390.1	XP_031520350.1	93.586	608	39	0	1	608	1	608	0.0	1171
XP_003832390.1	BAF47379.1	93.421	608	40	0	1	608	1	608	0.0	1166
XP_003832390.1	XP_007997053.1	93.092	608	42	0	1	608	1	608	0.0	1165
XP_003832390.1	XP_005582958.3	30.612	49	34	0	393	441	1490	1538	0.76	24.6
XP_003832390.1	XP_005582958.3	32.075	53	28	2	534	585	1199	1244	4.5	21.9
XP_003832390.1	XP_009187945.3	30.612	49	34	0	393	441	1490	1538	0.76	24.6
XP_003832390.1	XP_009187945.3	30.000	40	28	0	546	585	1205	1244	7.9	21.2
XP_003832390.1	XP_037843238.1	30.612	49	34	0	393	441	1492	1540	0.78	24.6
XP_003832390.1	XP_037843238.1	32.692	52	29	2	534	585	1201	1246	5.5	21.9
XP_003832390.1	XP_030656388.1	30.612	49	34	0	393	441	1489	1537	0.80	24.6
XP_003832390.1	XP_030656388.1	32.692	52	29	2	534	585	1198	1243	4.0	22.3
XP_003832390.1	XP_063556699.1	30.612	49	34	0	393	441	1493	1541	0.82	24.6
XP_003832390.1	XP_063556699.1	32.692	52	29	2	534	585	1202	1247	7.6	21.6
XP_003832390.1	XP_018893533.1	52.941	17	8	0	565	581	112	128	1.1	23.9
XP_003832390.1	XP_003831112.2	52.941	17	8	0	565	581	112	128	1.1	23.9
XP_003832390.1	NP_002273.3	52.941	17	8	0	565	581	112	128	1.1	23.9
XP_003832390.1	XP_030678475.1	52.941	17	8	0	565	581	112	128	1.1	23.9
XP_003832390.1	XP_034798266.3	30.612	49	34	0	393	441	1489	1537	1.1	24.3
XP_003832390.1	XP_034798266.3	32.692	52	29	2	534	585	1198	1243	3.8	22.3
XP_003832390.1	XP_005570980.3	52.941	17	8	0	565	581	112	128	2.0	23.1
XP_003832390.1	XP_003906457.1	52.941	17	8	0	565	581	112	128	2.1	23.1
XP_003832390.1	XP_008001520.2	52.941	17	8	0	565	581	112	128	2.1	23.1
XP_003832390.1	AAC17185.1	28.571	49	35	0	393	441	1490	1538	5.8	21.9
XP_003832390.1	AAC17185.1	32.692	52	29	2	534	585	1199	1244	7.6	21.6
BAG60658.1	BAG60658.1	100.000	618	0	0	1	618	1	618	0.0	1256
BAG60658.1	XP_004038851.3	97.087	618	9	1	1	618	1	609	0.0	1211
BAG60658.1	XP_003832390.1	96.926	618	10	1	1	618	1	609	0.0	1210
BAG60658.1	XP_003265777.1	95.307	618	20	1	1	618	1	609	0.0	1192
BAG60658.1	XP_031520350.1	91.248	617	45	1	1	617	1	608	0.0	1152
BAG60658.1	XP_007997053.1	91.086	617	46	1	1	617	1	608	0.0	1150
BAG60658.1	BAF47379.1	91.410	617	44	1	1	617	1	608	0.0	1149
BAG60658.1	XP_037843238.1	30.612	49	34	0	402	450	1492	1540	0.63	25.0
BAG60658.1	XP_037843238.1	32.692	52	29	2	543	594	1201	1246	5.6	21.9
BAG60658.1	XP_005582958.3	30.612	49	34	0	402	450	1490	1538	0.64	25.0
BAG60658.1	XP_005582958.3	40.909	22	9	1	247	264	441	462	3.3	22.7
BAG60658.1	XP_005582958.3	32.075	53	28	2	543	594	1199	1244	4.2	22.3
BAG60658.1	XP_030656388.1	30.612	49	34	0	402	450	1489	1537	0.66	25.0
BAG60658.1	XP_030656388.1	32.692	52	29	2	543	594	1198	1243	4.2	22.3
BAG60658.1	XP_009187945.3	30.612	49	34	0	402	450	1490	1538	0.66	25.0
BAG60658.1	XP_009187945.3	30.000	40	28	0	555	594	1205	1244	7.9	21.2
BAG60658.1	XP_063556699.1	30.612	49	34	0	402	450	1493	1541	0.68	25.0
BAG60658.1	XP_063556699.1	32.692	52	29	2	543	594	1202	1247	7.3	21.6
BAG60658.1	XP_034798266.3	30.612	49	34	0	402	450	1489	1537	0.97	24.3
BAG60658.1	XP_034798266.3	32.692	52	29	2	543	594	1198	1243	3.7	22.3
BAG60658.1	NP_002273.3	52.941	17	8	0	574	590	112	128	1.2	23.9
BAG60658.1	XP_018893533.1	52.941	17	8	0	574	590	112	128	1.2	23.9
BAG60658.1	XP_003831112.2	52.941	17	8	0	574	590	112	128	1.2	23.9
BAG60658.1	XP_030678475.1	52.941	17	8	0	574	590	112	128	1.2	23.9
BAG60658.1	XP_003906457.1	52.941	17	8	0	574	590	112	128	2.3	23.1
BAG60658.1	XP_008001520.2	52.941	17	8	0	574	590	112	128	2.4	23.1
BAG60658.1	XP_005570980.3	52.941	17	8	0	574	590	112	128	2.4	23.1
BAG60658.1	AAC17185.1	28.571	49	35	0	402	450	1490	1538	4.7	21.9
BAG60658.1	AAC17185.1	32.692	52	29	2	543	594	1199	1244	7.3	21.6
XP_003265777.1	XP_003265777.1	100.000	609	0	0	1	609	1	609	0.0	1240
XP_003265777.1	XP_004038851.3	97.373	609	16	0	1	609	1	609	0.0	1209
XP_003265777.1	XP_003832390.1	97.044	609	18	0	1	609	1	609	0.0	1206
XP_003265777.1	BAG60658.1	95.307	618	20	1	1	609	1	618	0.0	1192
XP_003265777.1	XP_007997053.1	93.092	608	42	0	1	608	1	608	0.0	1166
XP_003265777.1	XP_031520350.1	92.599	608	45	0	1	608	1	608	0.0	1163
XP_003265777.1	BAF47379.1	92.763	608	44	0	1	608	1	608	0.0	1160
XP_003265777.1	XP_005582958.3	30.612	49	34	0	393	441	1490	1538	0.92	24.3
XP_003265777.1	XP_037843238.1	30.612	49	34	0	393	441	1492	1540	0.93	24.3
XP_003265777.1	XP_030656388.1	30.612	49	34	0	393	441	1489	1537	0.94	24.3
XP_003265777.1	XP_009187945.3	30.612	49	34	0	393	441	1490	1538	0.94	24.3
XP_003265777.1	XP_063556699.1	30.612	49	34	0	393	441	1493	1541	0.97	24.3
XP_003265777.1	XP_003831112.2	52.941	17	8	0	565	581	112	128	1.0	24.3
XP_003265777.1	XP_018893533.1	52.941	17	8	0	565	581	112	128	1.0	23.9
XP_003265777.1	NP_002273.3	52.941	17	8	0	565	581	112	128	1.1	23.9
XP_003265777.1	XP_030678475.1	52.941	17	8	0	565	581	112	128	1.1	23.9
XP_003265777.1	XP_034798266.3	30.612	49	34	0	393	441	1489	1537	1.4	23.9
XP_003265777.1	XP_003906457.1	52.941	17	8	0	565	581	112	128	2.5	22.7
XP_003265777.1	XP_008001520.2	52.941	17	8	0	565	581	112	128	2.5	22.7
XP_003265777.1	XP_005570980.3	52.941	17	8	0	565	581	112	128	2.5	22.7
XP_003265777.1	AAC17185.1	28.571	49	35	0	393	441	1490	1538	7.1	21.6
BAF47379.1	BAF47379.1	100.000	608	0	0	1	608	1	608	0.0	1235
BAF47379.1	XP_031520350.1	99.013	608	6	0	1	608	1	608	0.0	1223
BAF47379.1	XP_007997053.1	98.520	608	9	0	1	608	1	608	0.0	1218
BAF47379.1	XP_004038851.3	93.586	608	39	0	1	608	1	608	0.0	1167
BAF47379.1	XP_003832390.1	93.421	608	40	0	1	608	1	608	0.0	1166
BAF47379.1	XP_003265777.1	92.763	608	44	0	1	608	1	608	0.0	1160
BAF47379.1	BAG60658.1	91.410	617	44	1	1	608	1	617	0.0	1149
BAF47379.1	XP_037843238.1	30.612	49	34	0	393	441	1492	1540	0.38	25.8
BAF47379.1	XP_037843238.1	29.114	79	51	2	379	454	1248	1324	0.59	25.0
BAF47379.1	XP_005582958.3	30.612	49	34	0	393	441	1490	1538	0.41	25.4
BAF47379.1	XP_063556699.1	30.612	49	34	0	393	441	1493	1541	0.41	25.4
BAF47379.1	XP_009187945.3	30.612	49	34	0	393	441	1490	1538	0.41	25.4
BAF47379.1	XP_009187945.3	29.114	79	51	2	379	454	1246	1322	0.60	25.0
BAF47379.1	XP_030656388.1	30.612	49	34	0	393	441	1489	1537	0.42	25.4
BAF47379.1	XP_034798266.3	30.612	49	34	0	393	441	1489	1537	0.62	25.0
BAF47379.1	XP_018893533.1	52.941	17	8	0	565	581	112	128	1.5	23.5
BAF47379.1	XP_030678475.1	52.941	17	8	0	565	581	112	128	1.5	23.5
BAF47379.1	XP_003831112.2	52.941	17	8	0	565	581	112	128	1.5	23.5
BAF47379.1	NP_002273.3	52.941	17	8	0	565	581	112	128	1.5	23.5
BAF47379.1	AAC17185.1	28.571	49	35	0	393	441	1490	1538	3.2	22.7
BAF47379.1	XP_005570980.3	52.941	17	8	0	565	581	112	128	3.7	22.3
BAF47379.1	XP_003906457.1	52.941	17	8	0	565	581	112	128	3.7	22.3
BAF47379.1	XP_008001520.2	52.941	17	8	0	565	581	112	128	3.8	22.3
XP_031520350.1	XP_031520350.1	100.000	608	0	0	1	608	1	608	0.0	1235
XP_031520350.1	BAF47379.1	99.013	608	6	0	1	608	1	608	0.0	1223
XP_031520350.1	XP_007997053.1	98.520	608	9	0	1	608	1	608	0.0	1222
XP_031520350.1	XP_003832390.1	93.586	608	39	0	1	608	1	608	0.0	1171
XP_031520350.1	XP_004038851.3	93.421	608	40	0	1	608	1	608	0.0	1171
XP_031520350.1	XP_003265777.1	92.599	608	45	0	1	608	1	608	0.0	1163
XP_031520350.1	BAG60658.1	91.248	617	45	1	1	608	1	617	0.0	1152
XP_031520350.1	XP_005582958.3	30.612	49	34	0	393	441	1490	1538	0.39	25.4
XP_031520350.1	XP_005582958.3	29.114	79	51	2	379	454	1246	1322	0.55	25.0
XP_031520350.1	XP_009187945.3	30.612	49	34	0	393	441	1490	1538	0.40	25.4
XP_031520350.1	XP_009187945.3	29.114	79	51	2	379	454	1246	1322	0.59	25.0
XP_031520350.1	XP_037843238.1	30.612	49	34	0	393	441	1492	1540	0.41	25.4
XP_031520350.1	XP_037843238.1	29.114	79	51	2	379	454	1248	1324	0.57	25.0
XP_031520350.1	XP_030656388.1	30.612	49	34	0	393	441	1489	1537	0.41	25.4
XP_031520350.1	XP_063556699.1	30.612	49	34	0	393	441	1493	1541	0.42	25.4
XP_031520350.1	XP_034798266.3	30.612	49	34	0	393	441	1489	1537	0.63	25.0
XP_031520350.1	XP_018893533.1	52.941	17	8	0	565	581	112	128	1.5	23.5
XP_031520350.1	XP_003831112.2	52.941	17	8	0	565	581	112	128	1.5	23.5
XP_031520350.1	NP_002273.3	52.941	17	8	0	565	581	112	128	1.5	23.5
XP_031520350.1	XP_030678475.1	52.941	17	8	0	565	581	112	128	1.5	23.5
XP_031520350.1	AAC17185.1	28.571	49	35	0	393	441	1490	1538	3.2	22.7
XP_031520350.1	XP_003906457.1	52.941	17	8	0	565	581	112	128	3.6	22.3
XP_031520350.1	XP_005570980.3	52.941	17	8	0	565	581	112	128	3.6	22.3
XP_031520350.1	XP_008001520.2	52.941	17	8	0	565	581	112	128	3.7	22.3
XP_007997053.1	XP_007997053.1	100.000	608	0	0	1	608	1	608	0.0	1236
XP_007997053.1	XP_031520350.1	98.520	608	9	0	1	608	1	608	0.0	1222
XP_007997053.1	BAF47379.1	98.520	608	9	0	1	608	1	608	0.0	1218
XP_007997053.1	XP_004038851.3	93.257	608	41	0	1	608	1	608	0.0	1167
XP_007997053.1	XP_003265777.1	93.092	608	42	0	1	608	1	608	0.0	1166
XP_007997053.1	XP_003832390.1	93.092	608	42	0	1	608	1	608	0.0	1165
XP_007997053.1	BAG60658.1	91.086	617	46	1	1	608	1	617	0.0	1150
XP_007997053.1	XP_005582958.3	30.612	49	34	0	393	441	1490	1538	0.39	25.4
XP_007997053.1	XP_009187945.3	30.612	49	34	0	393	441	1490	1538	0.40	25.4
XP_007997053.1	XP_063556699.1	30.612	49	34	0	393	441	1493	1541	0.40	25.4
XP_007997053.1	XP_037843238.1	30.612	49	34	0	393	441	1492	1540	0.40	25.4
XP_007997053.1	XP_030656388.1	30.612	49	34	0	393	441	1489	1537	0.42	25.4
XP_007997053.1	XP_034798266.3	30.612	49	34	0	393	441	1489	1537	0.62	25.0
XP_007997053.1	XP_018893533.1	52.941	17	8	0	565	581	112	128	1.8	23.5
XP_007997053.1	XP_003831112.2	52.941	17	8	0	565	581	112	128	1.8	23.1
XP_007997053.1	NP_002273.3	52.941	17	8	0	565	581	112	128	1.8	23.1
XP_007997053.1	XP_030678475.1	52.941	17	8	0	565	581	112	128	1.8	23.1
XP_007997053.1	AAC17185.1	28.571	49	35	0	393	441	1490	1538	3.2	22.7
XP_007997053.1	XP_005570980.3	52.941	17	8	0	565	581	112	128	4.3	21.9
XP_007997053.1	XP_003906457.1	52.941	17	8	0	565	581	112	128	4.4	21.9
XP_007997053.1	XP_008001520.2	52.941	17	8	0	565	581	112	128	4.4	21.9
XP_007990725.1	XP_007990725.1	100.000	1687	0	0	1	1687	1	1687	0.0	3049
XP_007990725.1	XP_005594386.3	98.933	1687	18	0	1	1687	1	1687	0.0	3009
XP_007990725.1	XP_003918170.2	98.874	1687	19	0	1	1687	1	1687	0.0	3003
XP_007990725.1	XP_004064730.2	96.977	1687	51	0	1	1687	1	1687	0.0	2939
XP_007990725.1	XP_003819736.1	96.858	1687	53	0	1	1687	1	1687	0.0	2937
XP_007990725.1	XP_003262229.2	96.680	1687	56	0	1	1687	1	1687	0.0	2932
XP_007990725.1	BAA04809.1	95.976	1690	53	2	1	1687	1	1678	0.0	2900
XP_004064730.2	XP_004064730.2	100.000	1687	0	0	1	1687	1	1687	0.0	3048
XP_004064730.2	XP_003819736.1	98.814	1687	20	0	1	1687	1	1687	0.0	3004
XP_004064730.2	XP_003262229.2	97.807	1687	37	0	1	1687	1	1687	0.0	2970
XP_004064730.2	BAA04809.1	97.870	1690	21	2	1	1687	1	1678	0.0	2970
XP_004064730.2	XP_005594386.3	97.036	1687	50	0	1	1687	1	1687	0.0	2945
XP_004064730.2	XP_003918170.2	96.977	1687	51	0	1	1687	1	1687	0.0	2939
XP_004064730.2	XP_007990725.1	96.977	1687	51	0	1	1687	1	1687	0.0	2939
BAA04809.1	BAA04809.1	100.000	1678	0	0	1	1678	1	1678	0.0	3037
BAA04809.1	XP_003819736.1	98.343	1690	13	2	1	1678	1	1687	0.0	2992
BAA04809.1	XP_004064730.2	97.870	1690	21	2	1	1678	1	1687	0.0	2970
BAA04809.1	XP_003262229.2	96.923	1690	37	2	1	1678	1	1687	0.0	2930
BAA04809.1	XP_005594386.3	96.036	1690	52	2	1	1678	1	1687	0.0	2904
BAA04809.1	XP_007990725.1	95.976	1690	53	2	1	1678	1	1687	0.0	2900
BAA04809.1	XP_003918170.2	95.976	1690	53	2	1	1678	1	1687	0.0	2896
XP_005594386.3	XP_005594386.3	100.000	1687	0	0	1	1687	1	1687	0.0	3043
XP_005594386.3	XP_003918170.2	99.585	1687	7	0	1	1687	1	1687	0.0	3027
XP_005594386.3	XP_007990725.1	98.933	1687	18	0	1	1687	1	1687	0.0	3009
XP_005594386.3	XP_004064730.2	97.036	1687	50	0	1	1687	1	1687	0.0	2945
XP_005594386.3	XP_003262229.2	96.740	1687	55	0	1	1687	1	1687	0.0	2937
XP_005594386.3	XP_003819736.1	96.918	1687	52	0	1	1687	1	1687	0.0	2936
XP_005594386.3	BAA04809.1	96.036	1690	52	2	1	1687	1	1678	0.0	2904
XP_003262229.2	XP_003262229.2	100.000	1687	0	0	1	1687	1	1687	0.0	3038
XP_003262229.2	XP_004064730.2	97.807	1687	37	0	1	1687	1	1687	0.0	2970
XP_003262229.2	XP_003819736.1	97.807	1687	37	0	1	1687	1	1687	0.0	2966
XP_003262229.2	XP_005594386.3	96.740	1687	55	0	1	1687	1	1687	0.0	2937
XP_003262229.2	XP_007990725.1	96.680	1687	56	0	1	1687	1	1687	0.0	2932
XP_003262229.2	XP_003918170.2	96.680	1687	56	0	1	1687	1	1687	0.0	2931
XP_003262229.2	BAA04809.1	96.923	1690	37	2	1	1687	1	1678	0.0	2930
XP_003819736.1	XP_003819736.1	100.000	1687	0	0	1	1687	1	1687	0.0	3053
XP_003819736.1	XP_004064730.2	98.814	1687	20	0	1	1687	1	1687	0.0	3004
XP_003819736.1	BAA04809.1	98.343	1690	13	2	1	1687	1	1678	0.0	2992
XP_003819736.1	XP_003262229.2	97.807	1687	37	0	1	1687	1	1687	0.0	2966
XP_003819736.1	XP_007990725.1	96.858	1687	53	0	1	1687	1	1687	0.0	2937
XP_003819736.1	XP_005594386.3	96.918	1687	52	0	1	1687	1	1687	0.0	2936
XP_003819736.1	XP_003918170.2	96.858	1687	53	0	1	1687	1	1687	0.0	2929
XP_003918170.2	XP_003918170.2	100.000	1687	0	0	1	1687	1	1687	0.0	3044
XP_003918170.2	XP_005594386.3	99.585	1687	7	0	1	1687	1	1687	0.0	3027
XP_003918170.2	XP_007990725.1	98.874	1687	19	0	1	1687	1	1687	0.0	3003
XP_003918170.2	XP_004064730.2	96.977	1687	51	0	1	1687	1	1687	0.0	2939
XP_003918170.2	XP_003262229.2	96.680	1687	56	0	1	1687	1	1687	0.0	2931
XP_003918170.2	XP_003819736.1	96.858	1687	53	0	1	1687	1	1687	0.0	2929
XP_003918170.2	BAA04809.1	95.976	1690	53	2	1	1687	1	1678	0.0	2896
2N3Y_A	2N3Y_A	100.000	104	0	0	1	104	1	104	3.21e-75	210
2N3Y_A	XP_034805654.1	93.269	104	7	0	1	104	2	105	2.03e-70	198
2N3Y_A	XP_008012095.1	94.231	104	6	0	1	104	2	105	2.14e-70	198
2N3Y_A	EHH57445.1	92.308	104	8	0	1	104	2	105	4.47e-70	197
2N3Y_A	XP_030861652.1	92.308	104	8	0	1	104	2	105	5.95e-70	197
2N3Y_A	XP_009191090.1	92.308	104	8	0	1	104	2	105	8.36e-70	197
2N3Y_A	XP_030662293.1	91.346	104	9	0	1	104	2	105	9.43e-70	197
2N3Y_A	XP_004038851.3	45.000	20	11	0	85	104	547	566	1.6	20.0
2N3Y_A	BAG60658.1	40.000	20	12	0	85	104	556	575	6.3	18.5
2N3Y_A	XP_003832390.1	40.000	20	12	0	85	104	547	566	6.5	18.5
XP_008012095.1	XP_008012095.1	100.000	105	0	0	1	105	1	105	1.41e-77	216
XP_008012095.1	XP_009191090.1	98.095	105	2	0	1	105	1	105	6.07e-77	215
XP_008012095.1	2N3Y_A	94.231	104	6	0	2	105	1	104	2.16e-70	198
XP_008012095.1	XP_034805654.1	92.381	105	8	0	1	105	1	105	5.43e-70	197
XP_008012095.1	XP_030861652.1	91.429	105	9	0	1	105	1	105	2.82e-69	196
XP_008012095.1	EHH57445.1	90.476	105	10	0	1	105	1	105	6.94e-69	194
XP_008012095.1	XP_030662293.1	89.524	105	11	0	1	105	1	105	1.99e-68	193
XP_008012095.1	XP_004038851.3	45.000	20	11	0	86	105	547	566	2.1	20.0
XP_008012095.1	XP_003918170.2	36.364	33	17	1	31	59	1167	1199	6.4	18.5
XP_008012095.1	BAA04809.1	36.364	33	17	1	31	59	1170	1202	6.5	18.5
XP_008012095.1	XP_005594386.3	36.364	33	17	1	31	59	1167	1199	6.6	18.5
XP_008012095.1	XP_003819736.1	36.364	33	17	1	31	59	1167	1199	6.6	18.5
XP_008012095.1	XP_004064730.2	36.364	33	17	1	31	59	1167	1199	6.6	18.5
XP_008012095.1	XP_003262229.2	36.364	33	17	1	31	59	1167	1199	6.8	18.5
XP_008012095.1	XP_007990725.1	36.364	33	17	1	31	59	1167	1199	6.8	18.5
XP_008012095.1	BAG60658.1	40.000	20	12	0	86	105	556	575	7.5	18.1
XP_008012095.1	XP_003832390.1	40.000	20	12	0	86	105	547	566	8.2	18.1
XP_034805654.1	XP_034805654.1	100.000	105	0	0	1	105	1	105	2.21e-77	216
XP_034805654.1	XP_030861652.1	96.190	105	4	0	1	105	1	105	8.04e-75	209
XP_034805654.1	XP_030662293.1	93.333	105	7	0	1	105	1	105	4.84e-72	202
XP_034805654.1	2N3Y_A	93.269	104	7	0	2	105	1	104	2.05e-70	198
XP_034805654.1	XP_008012095.1	92.381	105	8	0	1	105	1	105	5.43e-70	197
XP_034805654.1	XP_009191090.1	90.476	105	10	0	1	105	1	105	2.12e-69	196
XP_034805654.1	EHH57445.1	89.524	105	11	0	1	105	1	105	5.21e-69	195
XP_034805654.1	XP_004038851.3	45.000	20	11	0	86	105	547	566	5.0	18.9
EHH57445.1	EHH57445.1	100.000	105	0	0	1	105	1	105	1.43e-77	216
EHH57445.1	2N3Y_A	92.308	104	8	0	2	105	1	104	4.51e-70	197
EHH57445.1	XP_034805654.1	89.524	105	11	0	1	105	1	105	5.21e-69	195
EHH57445.1	XP_008012095.1	90.476	105	10	0	1	105	1	105	6.94e-69	194
EHH57445.1	XP_009191090.1	90.476	105	10	0	1	105	1	105	1.20e-68	194
EHH57445.1	XP_030861652.1	88.571	105	12	0	1	105	1	105	2.08e-68	193
EHH57445.1	XP_030662293.1	88.571	105	12	0	1	105	1	105	7.19e-68	192
XP_030861652.1	XP_030861652.1	100.000	105	0	0	1	105	1	105	1.88e-77	216
XP_030861652.1	XP_034805654.1	96.190	105	4	0	1	105	1	105	8.04e-75	209
XP_030861652.1	XP_030662293.1	91.429	105	9	0	1	105	1	105	8.05e-71	199
XP_030861652.1	2N3Y_A	92.308	104	8	0	2	105	1	104	6.00e-70	197
XP_030861652.1	XP_008012095.1	91.429	105	9	0	1	105	1	105	2.82e-69	196
XP_030861652.1	XP_009191090.1	89.524	105	11	0	1	105	1	105	1.09e-68	194
XP_030861652.1	EHH57445.1	88.571	105	12	0	1	105	1	105	2.08e-68	193
XP_030861652.1	XP_004038851.3	45.000	20	11	0	86	105	547	566	5.4	18.9
XP_009191090.1	XP_009191090.1	100.000	105	0	0	1	105	1	105	1.90e-77	216
XP_009191090.1	XP_008012095.1	98.095	105	2	0	1	105	1	105	6.07e-77	215
XP_009191090.1	2N3Y_A	92.308	104	8	0	2	105	1	104	8.44e-70	197
XP_009191090.1	XP_034805654.1	90.476	105	10	0	1	105	1	105	2.12e-69	196
XP_009191090.1	XP_030861652.1	89.524	105	11	0	1	105	1	105	1.09e-68	194
XP_009191090.1	EHH57445.1	90.476	105	10	0	1	105	1	105	1.20e-68	194
XP_009191090.1	XP_030662293.1	89.524	105	11	0	1	105	1	105	3.26e-68	193
XP_009191090.1	XP_004038851.3	45.000	20	11	0	86	105	547	566	2.2	20.0
XP_009191090.1	BAA04809.1	36.364	33	17	1	31	59	1170	1202	6.4	18.5
XP_009191090.1	XP_003918170.2	36.364	33	17	1	31	59	1167	1199	6.6	18.5
XP_009191090.1	XP_003819736.1	36.364	33	17	1	31	59	1167	1199	6.7	18.5
XP_009191090.1	XP_005594386.3	36.364	33	17	1	31	59	1167	1199	6.7	18.5
XP_009191090.1	XP_003262229.2	36.364	33	17	1	31	59	1167	1199	6.9	18.5
XP_009191090.1	XP_004064730.2	36.364	33	17	1	31	59	1167	1199	6.9	18.5
XP_009191090.1	XP_007990725.1	36.364	33	17	1	31	59	1167	1199	6.9	18.5
XP_009191090.1	BAG60658.1	40.000	20	12	0	86	105	556	575	7.4	18.5
XP_009191090.1	XP_003832390.1	40.000	20	12	0	86	105	547	566	8.2	18.1
XP_030662293.1	XP_030662293.1	100.000	105	0	0	1	105	1	105	1.49e-77	216
XP_030662293.1	XP_034805654.1	93.333	105	7	0	1	105	1	105	4.84e-72	202
XP_030662293.1	XP_030861652.1	91.429	105	9	0	1	105	1	105	8.05e-71	199
XP_030662293.1	2N3Y_A	91.346	104	9	0	2	105	1	104	9.52e-70	197
XP_030662293.1	XP_008012095.1	89.524	105	11	0	1	105	1	105	1.99e-68	193
XP_030662293.1	XP_009191090.1	89.524	105	11	0	1	105	1	105	3.26e-68	193
XP_030662293.1	EHH57445.1	88.571	105	12	0	1	105	1	105	7.19e-68	192
XP_030662293.1	XP_004038851.3	45.000	20	11	0	86	105	547	566	5.1	18.9
XP_030666800.1	XP_030666800.1	100.000	183	0	0	1	183	1	183	7.31e-141	383
XP_030666800.1	XP_009184116.1	98.907	183	2	0	1	183	1	183	9.77e-139	377
XP_030666800.1	XP_037840674.1	97.814	183	4	0	1	183	1	183	2.07e-136	371
XP_030666800.1	XP_014202872.1	97.268	183	5	0	1	183	1	183	3.04e-136	371
XP_030666800.1	XP_045239232.2	97.268	183	5	0	1	183	1	183	2.34e-135	369
XP_030666800.1	XP_055236303.1	96.175	183	7	0	1	183	1	183	4.82e-135	368
XP_030666800.1	8Y6F_A	94.709	189	3	1	1	182	8	196	1.31e-134	367
XP_009184116.1	XP_009184116.1	100.000	183	0	0	1	183	1	183	1.92e-140	382
XP_009184116.1	XP_030666800.1	98.907	183	2	0	1	183	1	183	9.77e-139	377
XP_009184116.1	XP_037840674.1	98.907	183	2	0	1	183	1	183	2.57e-138	376
XP_009184116.1	XP_045239232.2	98.361	183	3	0	1	183	1	183	3.86e-137	373
XP_009184116.1	XP_014202872.1	97.268	183	5	0	1	183	1	183	6.35e-135	368
XP_009184116.1	XP_055236303.1	96.175	183	7	0	1	183	1	183	9.34e-134	365
XP_009184116.1	8Y6F_A	94.709	189	3	1	1	182	8	196	3.12e-133	364
XP_037840674.1	XP_037840674.1	100.000	183	0	0	1	183	1	183	7.73e-141	382
XP_037840674.1	XP_009184116.1	98.907	183	2	0	1	183	1	183	2.57e-138	376
XP_037840674.1	XP_030666800.1	97.814	183	4	0	1	183	1	183	2.07e-136	371
XP_037840674.1	XP_045239232.2	97.268	183	5	0	1	183	1	183	9.42e-135	367
XP_037840674.1	XP_014202872.1	96.721	183	6	0	1	183	1	183	9.86e-134	365
XP_037840674.1	XP_055236303.1	95.082	183	9	0	1	183	1	183	2.49e-131	358
XP_037840674.1	8Y6F_A	93.651	189	5	1	1	182	8	196	7.28e-131	358
XP_037840674.1	XP_007997053.1	64.286	14	5	0	155	168	453	466	3.7	20.4
XP_014202872.1	XP_014202872.1	100.000	183	0	0	1	183	1	183	2.56e-140	381
XP_014202872.1	XP_030666800.1	97.268	183	5	0	1	183	1	183	3.04e-136	371
XP_014202872.1	XP_009184116.1	97.268	183	5	0	1	183	1	183	6.35e-135	368
XP_014202872.1	XP_037840674.1	96.721	183	6	0	1	183	1	183	9.86e-134	365
XP_014202872.1	XP_045239232.2	95.628	183	8	0	1	183	1	183	1.93e-131	359
XP_014202872.1	XP_055236303.1	94.536	183	10	0	1	183	1	183	2.13e-131	359
XP_014202872.1	8Y6F_A	93.122	189	6	1	1	182	8	196	4.65e-131	358
XP_014202872.1	XP_005582958.3	40.000	15	9	0	145	159	1202	1216	4.1	20.4
XP_014202872.1	XP_030656388.1	40.000	15	9	0	145	159	1201	1215	7.5	19.2
XP_014202872.1	XP_037843238.1	40.000	15	9	0	145	159	1204	1218	7.6	19.2
XP_014202872.1	XP_034798266.3	40.000	15	9	0	145	159	1201	1215	7.6	19.2
XP_014202872.1	AAC17185.1	40.000	15	9	0	145	159	1202	1216	7.6	19.2
XP_014202872.1	XP_063556699.1	40.000	15	9	0	145	159	1205	1219	7.7	19.2
XP_045239232.2	XP_045239232.2	100.000	183	0	0	1	183	1	183	1.68e-140	382
XP_045239232.2	XP_009184116.1	98.361	183	3	0	1	183	1	183	3.86e-137	373
XP_045239232.2	XP_030666800.1	97.268	183	5	0	1	183	1	183	2.34e-135	369
XP_045239232.2	XP_037840674.1	97.268	183	5	0	1	183	1	183	9.42e-135	367
XP_045239232.2	XP_014202872.1	95.628	183	8	0	1	183	1	183	1.93e-131	359
XP_045239232.2	XP_055236303.1	95.082	183	9	0	1	183	1	183	3.20e-131	358
XP_045239232.2	8Y6F_A	93.122	189	6	1	1	182	8	196	7.71e-130	355
XP_055236303.1	XP_055236303.1	100.000	183	0	0	1	183	1	183	2.01e-140	382
XP_055236303.1	XP_030666800.1	96.175	183	7	0	1	183	1	183	4.82e-135	368
XP_055236303.1	XP_009184116.1	96.175	183	7	0	1	183	1	183	9.34e-134	365
XP_055236303.1	XP_014202872.1	94.536	183	10	0	1	183	1	183	2.13e-131	359
XP_055236303.1	XP_037840674.1	95.082	183	9	0	1	183	1	183	2.49e-131	358
XP_055236303.1	XP_045239232.2	95.082	183	9	0	1	183	1	183	3.20e-131	358
XP_055236303.1	8Y6F_A	92.063	189	8	1	1	182	8	196	2.78e-129	354
XP_055236303.1	XP_034798266.3	35.000	20	13	0	26	45	581	600	9.4	19.2
XP_055236303.1	XP_030656388.1	35.000	20	13	0	26	45	581	600	9.6	19.2
XP_055236303.1	XP_005582958.3	35.000	20	13	0	26	45	581	600	9.6	19.2
XP_055236303.1	AAC17185.1	35.000	20	13	0	26	45	581	600	9.6	19.2
XP_055236303.1	XP_037843238.1	35.000	20	13	0	26	45	581	600	9.7	19.2
XP_055236303.1	XP_009187945.3	35.000	20	13	0	26	45	581	600	9.8	18.9
8Y6F_A	8Y6F_A	100.000	196	0	0	1	196	1	196	5.32e-151	409
8Y6F_A	XP_030666800.1	94.709	189	3	1	8	196	1	182	1.40e-134	367
8Y6F_A	XP_009184116.1	94.709	189	3	1	8	196	1	182	3.34e-133	364
8Y6F_A	XP_014202872.1	93.122	189	6	1	8	196	1	182	4.98e-131	358
8Y6F_A	XP_037840674.1	93.651	189	5	1	8	196	1	182	7.80e-131	358
8Y6F_A	XP_045239232.2	93.122	189	6	1	8	196	1	182	8.25e-130	355
8Y6F_A	XP_055236303.1	92.063	189	8	1	8	196	1	182	2.98e-129	354
8Y6F_A	XP_003918170.2	50.000	24	12	0	157	180	1065	1088	2.0	21.2
8Y6F_A	XP_003918170.2	50.000	22	11	0	173	194	755	776	3.3	20.8
8Y6F_A	XP_003918170.2	36.957	46	25	3	139	183	1165	1207	8.6	19.2
8Y6F_A	XP_003918170.2	40.000	25	15	0	168	192	1374	1398	8.9	19.2
8Y6F_A	XP_005594386.3	50.000	24	12	0	157	180	1065	1088	2.1	21.2
8Y6F_A	XP_005594386.3	50.000	22	11	0	173	194	755	776	3.3	20.8
8Y6F_A	XP_005594386.3	36.957	46	25	3	139	183	1165	1207	8.6	19.2
8Y6F_A	XP_005594386.3	40.000	25	15	0	168	192	1374	1398	9.0	19.2
8Y6F_A	XP_007990725.1	50.000	24	12	0	157	180	1065	1088	2.1	21.2
8Y6F_A	XP_007990725.1	50.000	20	10	0	175	194	757	776	7.4	19.6
8Y6F_A	XP_007990725.1	36.957	46	25	3	139	183	1165	1207	8.6	19.2
8Y6F_A	XP_007990725.1	40.000	25	15	0	168	192	1374	1398	8.9	19.2
8Y6F_A	BAA04809.1	45.833	24	13	0	157	180	1068	1091	4.5	20.4
8Y6F_A	BAA04809.1	36.957	46	25	3	139	183	1168	1210	8.3	19.2
8Y6F_A	BAA04809.1	40.000	25	15	0	168	192	1365	1389	8.6	19.2
8Y6F_A	XP_003262229.2	50.000	22	11	0	173	194	755	776	4.6	20.4
8Y6F_A	XP_003262229.2	36.957	46	25	3	139	183	1165	1207	8.9	19.2
8Y6F_A	XP_003262229.2	40.000	25	15	0	168	192	1374	1398	9.0	19.2
8Y6F_A	XP_004064730.2	45.833	24	13	0	157	180	1065	1088	4.7	20.0
8Y6F_A	XP_004064730.2	36.957	46	25	3	139	183	1165	1207	8.6	19.2
8Y6F_A	XP_004064730.2	40.000	25	15	0	168	192	1374	1398	8.9	19.2
8Y6F_A	XP_003819736.1	36.957	46	25	3	139	183	1165	1207	9.0	19.2
8Y6F_A	XP_003819736.1	40.000	25	15	0	168	192	1374	1398	9.3	19.2
XP_008002752.1	XP_008002752.1	100.000	209	0	0	1	209	1	209	6.24e-154	418
XP_008002752.1	XP_034787832.1	82.297	209	32	2	1	209	1	204	2.96e-111	310
XP_008002752.1	XP_065383852.1	97.959	147	3	0	63	209	1	147	7.01e-104	289
XP_008002752.1	XP_004050475.2	97.391	115	3	0	95	209	39	153	9.64e-81	231
XP_008002752.1	XP_003909425.2	100.000	110	0	0	100	209	1	110	1.25e-78	224
XP_008002752.1	XP_003281399.1	99.091	110	1	0	100	209	1	110	5.19e-78	222
XP_008002752.1	AAA59179.1	95.455	110	2	1	100	209	1	107	1.51e-72	208
XP_004050475.2	XP_004050475.2	100.000	153	0	0	1	153	1	153	9.83e-115	314
XP_004050475.2	XP_034787832.1	74.020	204	2	1	1	153	1	204	8.72e-95	266
XP_004050475.2	XP_065383852.1	98.261	115	2	0	39	153	33	147	3.67e-82	232
XP_004050475.2	XP_008002752.1	97.391	115	3	0	39	153	95	209	7.06e-81	231
XP_004050475.2	XP_003281399.1	98.182	110	2	0	44	153	1	110	2.95e-78	221
XP_004050475.2	XP_003909425.2	97.273	110	3	0	44	153	1	110	1.32e-77	219
XP_004050475.2	AAA59179.1	97.273	110	0	1	44	153	1	107	5.65e-76	214
AAA59179.1	AAA59179.1	100.000	107	0	0	1	107	1	107	6.94e-78	217
AAA59179.1	XP_004050475.2	97.273	110	0	1	1	107	44	153	3.95e-76	214
AAA59179.1	XP_003281399.1	96.364	110	1	1	1	107	1	110	7.38e-75	210
AAA59179.1	XP_034787832.1	96.364	110	1	1	1	107	95	204	1.44e-74	213
AAA59179.1	XP_065383852.1	96.364	110	1	1	1	107	38	147	3.47e-74	209
AAA59179.1	XP_003909425.2	95.455	110	2	1	1	107	1	110	3.51e-74	208
AAA59179.1	XP_008002752.1	95.455	110	2	1	1	107	100	209	7.73e-73	208
XP_065383852.1	XP_065383852.1	100.000	147	0	0	1	147	1	147	3.80e-107	295
XP_065383852.1	XP_008002752.1	97.959	147	3	0	1	147	63	209	4.93e-104	289
XP_065383852.1	XP_034787832.1	94.558	147	8	0	1	147	58	204	2.23e-92	259
XP_065383852.1	XP_004050475.2	98.261	115	2	0	33	147	39	153	3.53e-82	232
XP_065383852.1	XP_003281399.1	100.000	110	0	0	38	147	1	110	1.32e-79	224
XP_065383852.1	XP_003909425.2	99.091	110	1	0	38	147	1	110	4.68e-79	222
XP_065383852.1	AAA59179.1	96.364	110	1	1	38	147	1	107	4.76e-74	209
XP_003281399.1	XP_003281399.1	100.000	110	0	0	1	110	1	110	1.60e-80	224
XP_003281399.1	XP_003909425.2	99.091	110	1	0	1	110	1	110	5.43e-80	223
XP_003281399.1	XP_065383852.1	100.000	110	0	0	1	110	38	147	9.91e-80	224
XP_003281399.1	XP_004050475.2	98.182	110	2	0	1	110	44	153	2.12e-78	221
XP_003281399.1	XP_008002752.1	99.091	110	1	0	1	110	100	209	2.73e-78	222
XP_003281399.1	XP_034787832.1	98.182	110	2	0	1	110	95	204	6.07e-77	219
XP_003281399.1	AAA59179.1	96.364	110	1	1	1	110	1	107	7.59e-75	210
XP_034787832.1	XP_034787832.1	100.000	204	0	0	1	204	1	204	1.56e-151	411
XP_034787832.1	XP_008002752.1	82.297	209	32	2	1	204	1	209	2.32e-111	310
XP_034787832.1	XP_004050475.2	74.020	204	2	1	1	204	1	153	1.71e-94	265
XP_034787832.1	XP_065383852.1	94.558	147	8	0	58	204	1	147	4.79e-92	259
XP_034787832.1	XP_003281399.1	98.182	110	2	0	95	204	1	110	1.12e-76	219
XP_034787832.1	XP_003909425.2	97.273	110	3	0	95	204	1	110	4.05e-76	217
XP_034787832.1	AAA59179.1	96.364	110	1	1	95	204	1	107	2.75e-74	213
XP_003909425.2	XP_003909425.2	100.000	110	0	0	1	110	1	110	1.50e-80	224
XP_003909425.2	XP_003281399.1	99.091	110	1	0	1	110	1	110	5.43e-80	223
XP_003909425.2	XP_065383852.1	99.091	110	1	0	1	110	38	147	3.50e-79	222
XP_003909425.2	XP_008002752.1	100.000	110	0	0	1	110	100	209	6.58e-79	224
XP_003909425.2	XP_004050475.2	97.273	110	3	0	1	110	44	153	9.52e-78	219
XP_003909425.2	XP_034787832.1	97.273	110	3	0	1	110	95	204	2.18e-76	217
XP_003909425.2	AAA59179.1	95.455	110	2	1	1	110	1	107	3.61e-74	208
NP_002273.3	NP_002273.3	100.000	493	0	0	1	493	1	493	0.0	1003
NP_002273.3	XP_003831112.2	99.797	493	1	0	1	493	1	493	0.0	1000
NP_002273.3	XP_018893533.1	99.594	493	2	0	1	493	1	493	0.0	997
NP_002273.3	XP_030678475.1	98.780	492	6	0	1	492	1	492	0.0	989
NP_002273.3	XP_008001520.2	98.577	492	7	0	1	492	1	492	0.0	984
NP_002273.3	XP_003906457.1	98.171	492	9	0	1	492	1	492	0.0	979
NP_002273.3	XP_005570980.3	97.967	492	10	0	1	492	1	492	0.0	979
NP_002273.3	XP_034798266.3	27.797	295	152	13	181	434	1141	1415	0.022	29.3
NP_002273.3	XP_034798266.3	22.034	59	26	2	31	89	125	163	0.42	25.0
NP_002273.3	XP_034798266.3	22.263	274	160	9	164	399	1230	1488	8.9	20.8
NP_002273.3	AAC17185.1	22.034	59	26	2	31	89	125	163	0.39	25.4
NP_002273.3	AAC17185.1	22.148	298	177	11	171	429	1238	1519	2.5	22.7
NP_002273.3	AAC17185.1	27.027	37	27	0	315	351	1198	1234	5.9	21.6
NP_002273.3	XP_063556699.1	22.034	59	26	2	31	89	125	163	0.40	25.4
NP_002273.3	XP_063556699.1	27.027	37	27	0	315	351	1201	1237	6.1	21.6
NP_002273.3	XP_030656388.1	22.034	59	26	2	31	89	125	163	0.42	25.0
NP_002273.3	XP_030656388.1	22.295	305	182	11	164	429	1230	1518	0.74	24.3
NP_002273.3	XP_030656388.1	31.481	54	30	1	330	383	1866	1912	8.4	20.8
NP_002273.3	XP_004038851.3	52.941	17	8	0	112	128	565	581	0.73	24.3
NP_002273.3	XP_003265777.1	52.941	17	8	0	112	128	565	581	0.85	23.9
NP_002273.3	XP_003832390.1	52.941	17	8	0	112	128	565	581	0.85	23.9
NP_002273.3	XP_037843238.1	22.034	59	26	2	31	89	125	163	0.86	24.3
NP_002273.3	XP_037843238.1	23.834	193	100	9	228	389	1304	1480	4.9	21.6
NP_002273.3	XP_005582958.3	22.034	59	26	2	31	89	125	163	0.87	24.3
NP_002273.3	XP_005582958.3	22.650	234	133	10	228	429	1302	1519	2.9	22.3
NP_002273.3	XP_009187945.3	22.034	59	26	2	31	89	125	163	0.88	24.3
NP_002273.3	XP_009187945.3	22.650	234	133	10	228	429	1302	1519	2.7	22.7
NP_002273.3	BAG60658.1	52.941	17	8	0	112	128	574	590	0.93	23.9
NP_002273.3	XP_031520350.1	52.941	17	8	0	112	128	565	581	1.2	23.5
NP_002273.3	BAF47379.1	52.941	17	8	0	112	128	565	581	1.3	23.5
NP_002273.3	XP_007997053.1	52.941	17	8	0	112	128	565	581	1.5	23.1
XP_003831112.2	XP_003831112.2	100.000	493	0	0	1	493	1	493	0.0	1002
XP_003831112.2	NP_002273.3	99.797	493	1	0	1	493	1	493	0.0	1000
XP_003831112.2	XP_018893533.1	99.797	493	1	0	1	493	1	493	0.0	999
XP_003831112.2	XP_030678475.1	98.780	492	6	0	1	492	1	492	0.0	989
XP_003831112.2	XP_008001520.2	98.577	492	7	0	1	492	1	492	0.0	984
XP_003831112.2	XP_003906457.1	98.171	492	9	0	1	492	1	492	0.0	979
XP_003831112.2	XP_005570980.3	97.967	492	10	0	1	492	1	492	0.0	979
XP_003831112.2	XP_034798266.3	27.797	295	152	13	181	434	1141	1415	0.019	29.6
XP_003831112.2	XP_034798266.3	22.034	59	26	2	31	89	125	163	0.44	25.0
XP_003831112.2	XP_034798266.3	22.263	274	160	9	164	399	1230	1488	8.0	21.2
XP_003831112.2	AAC17185.1	22.034	59	26	2	31	89	125	163	0.41	25.0
XP_003831112.2	AAC17185.1	22.148	298	177	11	171	429	1238	1519	2.2	22.7
XP_003831112.2	AAC17185.1	27.027	37	27	0	315	351	1198	1234	5.8	21.6
XP_003831112.2	XP_063556699.1	22.034	59	26	2	31	89	125	163	0.41	25.0
XP_003831112.2	XP_063556699.1	27.027	37	27	0	315	351	1201	1237	6.0	21.6
XP_003831112.2	XP_063556699.1	31.481	54	30	1	330	383	1870	1916	9.8	20.8
XP_003831112.2	XP_030656388.1	22.034	59	26	2	31	89	125	163	0.45	25.0
XP_003831112.2	XP_030656388.1	22.295	305	182	11	164	429	1230	1518	0.63	24.6
XP_003831112.2	XP_030656388.1	31.481	54	30	1	330	383	1866	1912	8.1	20.8
XP_003831112.2	XP_004038851.3	52.941	17	8	0	112	128	565	581	0.73	24.3
XP_003831112.2	XP_003265777.1	52.941	17	8	0	112	128	565	581	0.84	24.3
XP_003831112.2	XP_003832390.1	52.941	17	8	0	112	128	565	581	0.85	23.9
XP_003831112.2	XP_037843238.1	22.034	59	26	2	31	89	125	163	0.88	24.3
XP_003831112.2	XP_037843238.1	23.834	193	100	9	228	389	1304	1480	4.7	21.6
XP_003831112.2	XP_005582958.3	22.034	59	26	2	31	89	125	163	0.91	24.3
XP_003831112.2	XP_005582958.3	22.650	234	133	10	228	429	1302	1519	2.8	22.3
XP_003831112.2	XP_009187945.3	22.034	59	26	2	31	89	125	163	0.93	23.9
XP_003831112.2	XP_009187945.3	22.650	234	133	10	228	429	1302	1519	2.6	22.7
XP_003831112.2	BAG60658.1	52.941	17	8	0	112	128	574	590	0.94	23.9
XP_003831112.2	XP_031520350.1	52.941	17	8	0	112	128	565	581	1.2	23.5
XP_003831112.2	BAF47379.1	52.941	17	8	0	112	128	565	581	1.3	23.5
XP_003831112.2	XP_007997053.1	52.941	17	8	0	112	128	565	581	1.5	23.1
XP_030678475.1	XP_030678475.1	100.000	493	0	0	1	493	1	493	0.0	1001
XP_030678475.1	XP_018893533.1	98.984	492	5	0	1	492	1	492	0.0	991
XP_030678475.1	XP_008001520.2	98.783	493	6	0	1	493	1	493	0.0	990
XP_030678475.1	XP_003831112.2	98.780	492	6	0	1	492	1	492	0.0	989
XP_030678475.1	NP_002273.3	98.780	492	6	0	1	492	1	492	0.0	989
XP_030678475.1	XP_003906457.1	98.580	493	7	0	1	493	1	493	0.0	988
XP_030678475.1	XP_005570980.3	98.580	493	7	0	1	493	1	493	0.0	988
XP_030678475.1	XP_034798266.3	27.586	290	150	12	181	430	1141	1410	0.026	29.3
XP_030678475.1	XP_034798266.3	22.581	62	28	2	28	89	122	163	0.17	26.6
XP_030678475.1	XP_034798266.3	22.660	203	111	8	228	399	1301	1488	9.6	20.8
XP_030678475.1	XP_063556699.1	22.581	62	28	2	28	89	122	163	0.15	26.6
XP_030678475.1	XP_063556699.1	27.027	37	27	0	315	351	1201	1237	6.1	21.6
XP_030678475.1	XP_063556699.1	31.481	54	30	1	330	383	1870	1916	9.9	20.8
XP_030678475.1	AAC17185.1	22.581	62	28	2	28	89	122	163	0.15	26.6
XP_030678475.1	AAC17185.1	22.148	298	177	11	171	429	1238	1519	2.7	22.7
XP_030678475.1	AAC17185.1	27.027	37	27	0	315	351	1198	1234	6.1	21.6
XP_030678475.1	AAC17185.1	25.510	196	125	9	164	342	1498	1689	7.1	21.2
XP_030678475.1	XP_030656388.1	22.581	62	28	2	28	89	122	163	0.16	26.6
XP_030678475.1	XP_030656388.1	21.967	305	183	11	164	429	1230	1518	1.3	23.5
XP_030678475.1	XP_030656388.1	31.481	54	30	1	330	383	1866	1912	8.0	21.2
XP_030678475.1	XP_009187945.3	22.581	62	28	2	28	89	122	163	0.34	25.4
XP_030678475.1	XP_009187945.3	22.650	234	133	10	228	429	1302	1519	2.8	22.3
XP_030678475.1	XP_005582958.3	22.581	62	28	2	28	89	122	163	0.35	25.4
XP_030678475.1	XP_005582958.3	22.650	234	133	10	228	429	1302	1519	2.9	22.3
XP_030678475.1	XP_037843238.1	22.581	62	28	2	28	89	122	163	0.35	25.4
XP_030678475.1	XP_037843238.1	23.834	193	100	9	228	389	1304	1480	5.9	21.6
XP_030678475.1	XP_004038851.3	52.941	17	8	0	112	128	565	581	0.74	24.3
XP_030678475.1	XP_003265777.1	52.941	17	8	0	112	128	565	581	0.86	23.9
XP_030678475.1	XP_003832390.1	52.941	17	8	0	112	128	565	581	0.88	23.9
XP_030678475.1	BAG60658.1	52.941	17	8	0	112	128	574	590	0.96	23.9
XP_030678475.1	XP_031520350.1	52.941	17	8	0	112	128	565	581	1.2	23.5
XP_030678475.1	BAF47379.1	52.941	17	8	0	112	128	565	581	1.2	23.5
XP_030678475.1	XP_007997053.1	52.941	17	8	0	112	128	565	581	1.5	23.1
XP_018893533.1	XP_018893533.1	100.000	493	0	0	1	493	1	493	0.0	1002
XP_018893533.1	XP_003831112.2	99.797	493	1	0	1	493	1	493	0.0	999
XP_018893533.1	NP_002273.3	99.594	493	2	0	1	493	1	493	0.0	997
XP_018893533.1	XP_030678475.1	98.984	492	5	0	1	492	1	492	0.0	991
XP_018893533.1	XP_008001520.2	98.374	492	8	0	1	492	1	492	0.0	983
XP_018893533.1	XP_005570980.3	98.171	492	9	0	1	492	1	492	0.0	980
XP_018893533.1	XP_003906457.1	98.171	492	9	0	1	492	1	492	0.0	980
XP_018893533.1	XP_034798266.3	27.586	290	150	12	181	430	1141	1410	0.020	29.3
XP_018893533.1	XP_034798266.3	22.034	59	26	2	31	89	125	163	0.46	25.0
XP_018893533.1	XP_034798266.3	22.263	274	160	9	164	399	1230	1488	8.7	20.8
XP_018893533.1	XP_063556699.1	22.034	59	26	2	31	89	125	163	0.41	25.0
XP_018893533.1	XP_063556699.1	27.027	37	27	0	315	351	1201	1237	6.0	21.6
XP_018893533.1	AAC17185.1	22.034	59	26	2	31	89	125	163	0.41	25.0
XP_018893533.1	AAC17185.1	22.148	298	177	11	171	429	1238	1519	2.3	22.7
XP_018893533.1	AAC17185.1	27.027	37	27	0	315	351	1198	1234	5.8	21.6
XP_018893533.1	XP_030656388.1	22.034	59	26	2	31	89	125	163	0.45	25.0
XP_018893533.1	XP_030656388.1	22.295	305	182	11	164	429	1230	1518	0.70	24.3
XP_018893533.1	XP_030656388.1	31.481	54	30	1	330	383	1866	1912	8.2	20.8
XP_018893533.1	XP_004038851.3	52.941	17	8	0	112	128	565	581	0.73	24.3
XP_018893533.1	XP_003265777.1	52.941	17	8	0	112	128	565	581	0.85	23.9
XP_018893533.1	XP_003832390.1	52.941	17	8	0	112	128	565	581	0.85	23.9
XP_018893533.1	XP_037843238.1	22.034	59	26	2	31	89	125	163	0.88	24.3
XP_018893533.1	XP_037843238.1	23.834	193	100	9	228	389	1304	1480	4.9	21.6
XP_018893533.1	XP_009187945.3	22.034	59	26	2	31	89	125	163	0.93	23.9
XP_018893533.1	XP_009187945.3	22.650	234	133	10	228	429	1302	1519	2.7	22.3
XP_018893533.1	XP_005582958.3	22.034	59	26	2	31	89	125	163	0.93	23.9
XP_018893533.1	XP_005582958.3	22.650	234	133	10	228	429	1302	1519	3.0	22.3
XP_018893533.1	BAG60658.1	52.941	17	8	0	112	128	574	590	0.94	23.9
XP_018893533.1	XP_031520350.1	52.941	17	8	0	112	128	565	581	1.2	23.5
XP_018893533.1	BAF47379.1	52.941	17	8	0	112	128	565	581	1.2	23.5
XP_018893533.1	XP_007997053.1	52.941	17	8	0	112	128	565	581	1.4	23.5
XP_005570980.3	XP_005570980.3	100.000	493	0	0	1	493	1	493	0.0	1000
XP_005570980.3	XP_008001520.2	99.391	493	3	0	1	493	1	493	0.0	995
XP_005570980.3	XP_003906457.1	99.189	493	4	0	1	493	1	493	0.0	992
XP_005570980.3	XP_030678475.1	98.580	493	7	0	1	493	1	493	0.0	988
XP_005570980.3	XP_018893533.1	98.171	492	9	0	1	492	1	492	0.0	980
XP_005570980.3	NP_002273.3	97.967	492	10	0	1	492	1	492	0.0	979
XP_005570980.3	XP_003831112.2	97.967	492	10	0	1	492	1	492	0.0	979
XP_005570980.3	XP_034798266.3	27.586	290	150	12	181	430	1141	1410	0.052	28.1
XP_005570980.3	XP_034798266.3	22.581	62	28	2	28	89	122	163	0.18	26.6
XP_005570980.3	XP_034798266.3	22.660	203	111	8	228	399	1301	1488	3.6	21.9
XP_005570980.3	XP_034798266.3	31.481	54	30	1	330	383	1866	1912	9.7	20.8
XP_005570980.3	AAC17185.1	27.586	290	150	12	181	430	1142	1411	0.090	27.3
XP_005570980.3	AAC17185.1	22.581	62	28	2	28	89	122	163	0.16	26.6
XP_005570980.3	AAC17185.1	31.481	54	30	1	330	383	1867	1913	9.9	20.8
XP_005570980.3	XP_063556699.1	22.581	62	28	2	28	89	122	163	0.16	26.6
XP_005570980.3	XP_063556699.1	22.167	203	112	8	228	399	1305	1492	6.0	21.6
XP_005570980.3	XP_063556699.1	27.027	37	27	0	315	351	1201	1237	6.2	21.2
XP_005570980.3	XP_063556699.1	31.481	54	30	1	330	383	1870	1916	9.4	20.8
XP_005570980.3	XP_030656388.1	22.581	62	28	2	28	89	122	163	0.16	26.6
XP_005570980.3	XP_030656388.1	22.295	305	182	11	164	429	1230	1518	0.40	25.4
XP_005570980.3	XP_030656388.1	31.481	54	30	1	330	383	1866	1912	7.5	21.2
XP_005570980.3	XP_009187945.3	22.581	62	28	2	28	89	122	163	0.35	25.4
XP_005570980.3	XP_009187945.3	22.650	234	133	10	228	429	1302	1519	1.0	23.9
XP_005570980.3	XP_037843238.1	22.581	62	28	2	28	89	122	163	0.35	25.4
XP_005570980.3	XP_037843238.1	23.834	193	100	9	228	389	1304	1480	1.9	23.1
XP_005570980.3	XP_005582958.3	22.581	62	28	2	28	89	122	163	0.37	25.4
XP_005570980.3	XP_005582958.3	22.650	234	133	10	228	429	1302	1519	1.1	23.9
XP_005570980.3	XP_003832390.1	52.941	17	8	0	112	128	565	581	1.7	23.1
XP_005570980.3	XP_004038851.3	52.941	17	8	0	112	128	565	581	1.8	23.1
XP_005570980.3	BAG60658.1	52.941	17	8	0	112	128	574	590	1.9	23.1
XP_005570980.3	XP_003265777.1	52.941	17	8	0	112	128	565	581	2.0	22.7
XP_005570980.3	XP_031520350.1	52.941	17	8	0	112	128	565	581	2.9	22.3
XP_005570980.3	BAF47379.1	52.941	17	8	0	112	128	565	581	3.0	22.3
XP_005570980.3	XP_007997053.1	52.941	17	8	0	112	128	565	581	3.5	21.9
XP_008001520.2	XP_008001520.2	100.000	493	0	0	1	493	1	493	0.0	999
XP_008001520.2	XP_005570980.3	99.391	493	3	0	1	493	1	493	0.0	995
XP_008001520.2	XP_003906457.1	99.594	493	2	0	1	493	1	493	0.0	994
XP_008001520.2	XP_030678475.1	98.783	493	6	0	1	493	1	493	0.0	990
XP_008001520.2	NP_002273.3	98.577	492	7	0	1	492	1	492	0.0	984
XP_008001520.2	XP_003831112.2	98.577	492	7	0	1	492	1	492	0.0	984
XP_008001520.2	XP_018893533.1	98.374	492	8	0	1	492	1	492	0.0	983
XP_008001520.2	XP_034798266.3	27.586	290	150	12	181	430	1141	1410	0.026	29.3
XP_008001520.2	XP_034798266.3	22.581	62	28	2	28	89	122	163	0.17	26.6
XP_008001520.2	XP_034798266.3	22.263	274	160	9	164	399	1230	1488	8.6	20.8
XP_008001520.2	XP_030656388.1	22.581	62	28	2	28	89	122	163	0.16	26.6
XP_008001520.2	XP_030656388.1	22.295	305	182	11	164	429	1230	1518	0.72	24.3
XP_008001520.2	XP_030656388.1	31.481	54	30	1	330	383	1866	1912	7.9	21.2
XP_008001520.2	AAC17185.1	22.581	62	28	2	28	89	122	163	0.16	26.6
XP_008001520.2	AAC17185.1	22.148	298	177	11	171	429	1238	1519	2.2	22.7
XP_008001520.2	AAC17185.1	27.027	37	27	0	315	351	1198	1234	6.1	21.6
XP_008001520.2	AAC17185.1	25.510	196	125	9	164	342	1498	1689	6.2	21.2
XP_008001520.2	XP_063556699.1	22.581	62	28	2	28	89	122	163	0.16	26.6
XP_008001520.2	XP_063556699.1	27.027	37	27	0	315	351	1201	1237	6.4	21.2
XP_008001520.2	XP_063556699.1	31.481	54	30	1	330	383	1870	1916	9.6	20.8
XP_008001520.2	XP_009187945.3	22.581	62	28	2	28	89	122	163	0.34	25.4
XP_008001520.2	XP_009187945.3	22.650	234	133	10	228	429	1302	1519	2.5	22.7
XP_008001520.2	XP_005582958.3	22.581	62	28	2	28	89	122	163	0.35	25.4
XP_008001520.2	XP_005582958.3	22.650	234	133	10	228	429	1302	1519	2.4	22.7
XP_008001520.2	XP_037843238.1	22.581	62	28	2	28	89	122	163	0.36	25.4
XP_008001520.2	XP_037843238.1	23.834	193	100	9	228	389	1304	1480	4.6	21.9
XP_008001520.2	XP_003832390.1	52.941	17	8	0	112	128	565	581	1.7	23.1
XP_008001520.2	XP_004038851.3	52.941	17	8	0	112	128	565	581	1.8	23.1
XP_008001520.2	BAG60658.1	52.941	17	8	0	112	128	574	590	1.9	23.1
XP_008001520.2	XP_003265777.1	52.941	17	8	0	112	128	565	581	2.0	22.7
XP_008001520.2	XP_031520350.1	52.941	17	8	0	112	128	565	581	3.0	22.3
XP_008001520.2	BAF47379.1	52.941	17	8	0	112	128	565	581	3.0	22.3
XP_008001520.2	XP_007997053.1	52.941	17	8	0	112	128	565	581	3.5	21.9
XP_003906457.1	XP_003906457.1	100.000	493	0	0	1	493	1	493	0.0	999
XP_003906457.1	XP_008001520.2	99.594	493	2	0	1	493	1	493	0.0	994
XP_003906457.1	XP_005570980.3	99.189	493	4	0	1	493	1	493	0.0	992
XP_003906457.1	XP_030678475.1	98.580	493	7	0	1	493	1	493	0.0	988
XP_003906457.1	XP_018893533.1	98.171	492	9	0	1	492	1	492	0.0	980
XP_003906457.1	XP_003831112.2	98.171	492	9	0	1	492	1	492	0.0	979
XP_003906457.1	NP_002273.3	98.171	492	9	0	1	492	1	492	0.0	979
XP_003906457.1	XP_034798266.3	27.586	290	150	12	181	430	1141	1410	0.028	28.9
XP_003906457.1	XP_034798266.3	22.581	62	28	2	28	89	122	163	0.14	26.6
XP_003906457.1	XP_034798266.3	22.660	203	111	8	228	399	1301	1488	9.5	20.8
XP_003906457.1	AAC17185.1	22.581	62	28	2	28	89	122	163	0.14	26.6
XP_003906457.1	AAC17185.1	22.148	298	177	11	171	429	1238	1519	2.5	22.7
XP_003906457.1	AAC17185.1	27.027	37	27	0	315	351	1198	1234	6.1	21.6
XP_003906457.1	AAC17185.1	25.510	196	125	9	164	342	1498	1689	7.1	21.2
XP_003906457.1	XP_063556699.1	22.581	62	28	2	28	89	122	163	0.14	26.6
XP_003906457.1	XP_063556699.1	27.027	37	27	0	315	351	1201	1237	6.2	21.2
XP_003906457.1	XP_030656388.1	22.581	62	28	2	28	89	122	163	0.14	26.6
XP_003906457.1	XP_030656388.1	22.295	305	182	11	164	429	1230	1518	0.82	24.3
XP_003906457.1	XP_030656388.1	31.481	54	30	1	330	383	1866	1912	8.1	20.8
XP_003906457.1	XP_009187945.3	22.581	62	28	2	28	89	122	163	0.29	25.8
XP_003906457.1	XP_009187945.3	22.650	234	133	10	228	429	1302	1519	2.9	22.3
XP_003906457.1	XP_005582958.3	22.581	62	28	2	28	89	122	163	0.30	25.8
XP_003906457.1	XP_005582958.3	22.650	234	133	10	228	429	1302	1519	2.9	22.3
XP_003906457.1	XP_037843238.1	22.581	62	28	2	28	89	122	163	0.31	25.8
XP_003906457.1	XP_037843238.1	23.834	193	100	9	228	389	1304	1480	4.9	21.6
XP_003906457.1	XP_003832390.1	52.941	17	8	0	112	128	565	581	1.7	23.1
XP_003906457.1	XP_004038851.3	52.941	17	8	0	112	128	565	581	1.8	23.1
XP_003906457.1	BAG60658.1	52.941	17	8	0	112	128	574	590	1.9	23.1
XP_003906457.1	XP_003265777.1	52.941	17	8	0	112	128	565	581	2.0	22.7
XP_003906457.1	XP_031520350.1	52.941	17	8	0	112	128	565	581	2.9	22.3
XP_003906457.1	BAF47379.1	52.941	17	8	0	112	128	565	581	3.0	22.3
XP_003906457.1	XP_007997053.1	52.941	17	8	0	112	128	565	581	3.5	21.9
AAC17185.1	AAC17185.1	100.000	1937	0	0	1	1937	1	1937	0.0	3950
AAC17185.1	XP_063556699.1	99.227	1940	12	1	1	1937	1	1940	0.0	3911
AAC17185.1	XP_034798266.3	98.967	1937	19	1	1	1937	1	1936	0.0	3893
AAC17185.1	XP_009187945.3	98.400	1937	31	0	1	1937	1	1937	0.0	3879
AAC17185.1	XP_030656388.1	98.503	1937	28	1	1	1937	1	1936	0.0	3878
AAC17185.1	XP_037843238.1	98.247	1939	32	1	1	1937	1	1939	0.0	3875
AAC17185.1	XP_005582958.3	98.296	1937	33	0	1	1937	1	1937	0.0	3873
AAC17185.1	XP_005570980.3	27.778	324	172	14	1114	1416	152	434	0.16	28.5
AAC17185.1	XP_003831112.2	22.148	298	177	11	1238	1519	171	429	8.0	23.1
AAC17185.1	XP_008001520.2	22.148	298	177	11	1238	1519	171	429	8.2	22.7
AAC17185.1	XP_018893533.1	22.148	298	177	11	1238	1519	171	429	8.4	22.7
AAC17185.1	NP_002273.3	22.148	298	177	11	1238	1519	171	429	9.1	22.7
AAC17185.1	XP_003906457.1	22.148	298	177	11	1238	1519	171	429	9.3	22.7
AAC17185.1	XP_031520350.1	28.571	49	35	0	1490	1538	393	441	9.4	22.7
AAC17185.1	XP_007997053.1	28.571	49	35	0	1490	1538	393	441	9.4	22.7
AAC17185.1	BAF47379.1	28.571	49	35	0	1490	1538	393	441	9.4	22.7
XP_063556699.1	XP_063556699.1	100.000	1940	0	0	1	1940	1	1940	0.0	3953
XP_063556699.1	XP_034798266.3	99.278	1940	10	1	1	1940	1	1936	0.0	3916
XP_063556699.1	AAC17185.1	99.227	1940	12	1	1	1940	1	1937	0.0	3911
XP_063556699.1	XP_030656388.1	98.814	1940	19	1	1	1940	1	1936	0.0	3899
XP_063556699.1	XP_037843238.1	98.608	1940	26	1	1	1940	1	1939	0.0	3891
XP_063556699.1	XP_009187945.3	98.557	1940	25	1	1	1940	1	1937	0.0	3885
XP_063556699.1	XP_005582958.3	98.454	1940	27	1	1	1940	1	1937	0.0	3881
XP_063556699.1	XP_031520350.1	30.612	49	34	0	1493	1541	393	441	1.2	25.8
XP_063556699.1	BAF47379.1	30.612	49	34	0	1493	1541	393	441	1.2	25.8
XP_063556699.1	XP_007997053.1	30.612	49	34	0	1493	1541	393	441	1.2	25.8
XP_063556699.1	BAG60658.1	30.612	49	34	0	1493	1541	402	450	2.0	25.0
XP_063556699.1	XP_003832390.1	30.612	49	34	0	1493	1541	393	441	2.2	24.6
XP_063556699.1	XP_004038851.3	30.612	49	34	0	1493	1541	393	441	2.4	24.6
XP_063556699.1	XP_003265777.1	30.612	49	34	0	1493	1541	393	441	2.9	24.3
XP_034798266.3	XP_034798266.3	100.000	1936	0	0	1	1936	1	1936	0.0	3945
XP_034798266.3	XP_063556699.1	99.278	1940	10	1	1	1936	1	1940	0.0	3916
XP_034798266.3	XP_030656388.1	98.915	1936	21	0	1	1936	1	1936	0.0	3899
XP_034798266.3	AAC17185.1	98.967	1937	19	1	1	1936	1	1937	0.0	3893
XP_034798266.3	XP_037843238.1	98.453	1939	27	1	1	1936	1	1939	0.0	3882
XP_034798266.3	XP_009187945.3	98.451	1937	29	1	1	1936	1	1937	0.0	3876
XP_034798266.3	XP_005582958.3	98.348	1937	31	1	1	1936	1	1937	0.0	3873
XP_034798266.3	XP_008001520.2	27.586	319	170	13	1113	1410	152	430	0.047	30.0
XP_034798266.3	XP_003906457.1	27.586	319	170	13	1113	1410	152	430	0.057	30.0
XP_034798266.3	XP_030678475.1	26.829	328	179	13	1104	1410	143	430	0.075	29.6
XP_034798266.3	XP_003831112.2	27.564	312	165	13	1124	1415	164	434	0.076	29.6
XP_034798266.3	XP_018893533.1	27.362	307	163	12	1124	1410	164	430	0.077	29.6
XP_034798266.3	XP_005570980.3	27.586	319	170	13	1113	1410	152	430	0.093	29.3
XP_034798266.3	NP_002273.3	27.564	312	165	13	1124	1415	164	434	0.097	29.3
XP_034798266.3	BAF47379.1	30.612	49	34	0	1489	1537	393	441	1.9	25.0
XP_034798266.3	XP_031520350.1	30.612	49	34	0	1489	1537	393	441	1.9	25.0
XP_034798266.3	XP_007997053.1	30.612	49	34	0	1489	1537	393	441	2.0	25.0
XP_034798266.3	BAG60658.1	30.612	49	34	0	1489	1537	402	450	3.0	24.3
XP_034798266.3	XP_004038851.3	30.612	49	34	0	1489	1537	393	441	3.5	24.3
XP_034798266.3	XP_003832390.1	30.612	49	34	0	1489	1537	393	441	3.7	24.3
XP_034798266.3	XP_003265777.1	30.612	49	34	0	1489	1537	393	441	4.4	23.9
XP_009187945.3	XP_009187945.3	100.000	1937	0	0	1	1937	1	1937	0.0	3944
XP_009187945.3	XP_005582958.3	99.484	1937	10	0	1	1937	1	1937	0.0	3924
XP_009187945.3	XP_037843238.1	99.278	1939	12	1	1	1937	1	1939	0.0	3918
XP_009187945.3	XP_063556699.1	98.557	1940	25	1	1	1937	1	1940	0.0	3885
XP_009187945.3	AAC17185.1	98.400	1937	31	0	1	1937	1	1937	0.0	3879
XP_009187945.3	XP_034798266.3	98.451	1937	29	1	1	1937	1	1936	0.0	3876
XP_009187945.3	XP_030656388.1	98.400	1937	30	1	1	1937	1	1936	0.0	3875
XP_009187945.3	XP_031520350.1	30.612	49	34	0	1490	1538	393	441	1.2	25.8
XP_009187945.3	BAF47379.1	30.612	49	34	0	1490	1538	393	441	1.2	25.8
XP_009187945.3	XP_007997053.1	30.612	49	34	0	1490	1538	393	441	1.2	25.8
XP_009187945.3	BAG60658.1	30.612	49	34	0	1490	1538	402	450	1.9	25.0
XP_009187945.3	XP_004038851.3	30.612	49	34	0	1490	1538	393	441	2.2	24.6
XP_009187945.3	XP_003832390.1	30.612	49	34	0	1490	1538	393	441	2.4	24.6
XP_009187945.3	XP_003265777.1	30.612	49	34	0	1490	1538	393	441	2.7	24.6
XP_009187945.3	XP_005570980.3	22.650	234	133	10	1302	1519	228	429	4.3	23.9
XP_030656388.1	XP_030656388.1	100.000	1936	0	0	1	1936	1	1936	0.0	3944
XP_030656388.1	XP_034798266.3	98.915	1936	21	0	1	1936	1	1936	0.0	3899
XP_030656388.1	XP_063556699.1	98.814	1940	19	1	1	1936	1	1940	0.0	3899
XP_030656388.1	AAC17185.1	98.503	1937	28	1	1	1936	1	1937	0.0	3878
XP_030656388.1	XP_037843238.1	98.298	1939	30	1	1	1936	1	1939	0.0	3877
XP_030656388.1	XP_009187945.3	98.400	1937	30	1	1	1936	1	1937	0.0	3875
XP_030656388.1	XP_005582958.3	98.296	1937	32	1	1	1936	1	1937	0.0	3871
XP_030656388.1	XP_031520350.1	30.612	49	34	0	1489	1537	393	441	1.2	25.8
XP_030656388.1	BAF47379.1	30.612	49	34	0	1489	1537	393	441	1.3	25.4
XP_030656388.1	XP_007997053.1	30.612	49	34	0	1489	1537	393	441	1.3	25.4
XP_030656388.1	XP_005570980.3	22.295	305	182	11	1230	1518	164	429	1.9	25.0
XP_030656388.1	BAG60658.1	30.612	49	34	0	1489	1537	402	450	2.0	25.0
XP_030656388.1	XP_004038851.3	30.612	49	34	0	1489	1537	393	441	2.3	24.6
XP_030656388.1	XP_003832390.1	30.612	49	34	0	1489	1537	393	441	2.4	24.6
XP_030656388.1	XP_003265777.1	30.612	49	34	0	1489	1537	393	441	3.0	24.3
XP_030656388.1	XP_003831112.2	22.295	305	182	11	1230	1518	164	429	3.6	24.3
XP_030656388.1	XP_008001520.2	22.295	305	182	11	1230	1518	164	429	3.6	23.9
XP_030656388.1	XP_018893533.1	22.295	305	182	11	1230	1518	164	429	3.8	23.9
XP_030656388.1	NP_002273.3	22.295	305	182	11	1230	1518	164	429	4.0	23.9
XP_030656388.1	XP_003906457.1	22.295	305	182	11	1230	1518	164	429	4.1	23.9
XP_030656388.1	XP_030678475.1	22.650	234	133	10	1301	1518	228	429	7.0	23.1
XP_005582958.3	XP_005582958.3	100.000	1937	0	0	1	1937	1	1937	0.0	3944
XP_005582958.3	XP_009187945.3	99.484	1937	10	0	1	1937	1	1937	0.0	3924
XP_005582958.3	XP_037843238.1	99.072	1939	16	1	1	1937	1	1939	0.0	3910
XP_005582958.3	XP_063556699.1	98.454	1940	27	1	1	1937	1	1940	0.0	3881
XP_005582958.3	XP_034798266.3	98.348	1937	31	1	1	1937	1	1936	0.0	3873
XP_005582958.3	AAC17185.1	98.296	1937	33	0	1	1937	1	1937	0.0	3873
XP_005582958.3	XP_030656388.1	98.296	1937	32	1	1	1937	1	1936	0.0	3871
XP_005582958.3	XP_031520350.1	30.612	49	34	0	1490	1538	393	441	1.1	25.8
XP_005582958.3	BAF47379.1	30.612	49	34	0	1490	1538	393	441	1.2	25.8
XP_005582958.3	XP_007997053.1	30.612	49	34	0	1490	1538	393	441	1.2	25.8
XP_005582958.3	BAG60658.1	30.612	49	34	0	1490	1538	402	450	1.9	25.0
XP_005582958.3	XP_004038851.3	30.612	49	34	0	1490	1538	393	441	2.1	25.0
XP_005582958.3	XP_003832390.1	30.612	49	34	0	1490	1538	393	441	2.3	24.6
XP_005582958.3	XP_003265777.1	30.612	49	34	0	1490	1538	393	441	2.6	24.6
XP_005582958.3	XP_005570980.3	22.650	234	133	10	1302	1519	228	429	4.1	23.9
XP_037843238.1	XP_037843238.1	100.000	1939	0	0	1	1939	1	1939	0.0	3949
XP_037843238.1	XP_009187945.3	99.278	1939	12	1	1	1939	1	1937	0.0	3918
XP_037843238.1	XP_005582958.3	99.072	1939	16	1	1	1939	1	1937	0.0	3910
XP_037843238.1	XP_063556699.1	98.608	1940	26	1	1	1939	1	1940	0.0	3891
XP_037843238.1	XP_034798266.3	98.453	1939	27	1	1	1939	1	1936	0.0	3882
XP_037843238.1	XP_030656388.1	98.298	1939	30	1	1	1939	1	1936	0.0	3877
XP_037843238.1	AAC17185.1	98.247	1939	32	1	1	1939	1	1937	0.0	3875
XP_037843238.1	XP_031520350.1	30.612	49	34	0	1492	1540	393	441	1.2	25.8
XP_037843238.1	XP_007997053.1	30.612	49	34	0	1492	1540	393	441	1.2	25.8
XP_037843238.1	BAF47379.1	30.612	49	34	0	1492	1540	393	441	1.2	25.8
XP_037843238.1	BAG60658.1	30.612	49	34	0	1492	1540	402	450	2.0	25.0
XP_037843238.1	XP_004038851.3	30.612	49	34	0	1492	1540	393	441	2.4	24.6
XP_037843238.1	XP_003832390.1	30.612	49	34	0	1492	1540	393	441	2.4	24.6
XP_037843238.1	XP_003265777.1	30.612	49	34	0	1492	1540	393	441	2.8	24.6
XP_037843238.1	XP_005570980.3	23.834	193	100	9	1304	1480	228	389	8.4	22.7
XP_057156345.1	XP_057156345.1	100.000	411	0	0	1	411	1	411	0.0	850
XP_057156345.1	XP_004058559.3	99.728	368	1	0	44	411	26	393	0.0	761
XP_057156345.1	XP_030656345.1	97.826	368	8	0	44	411	26	393	0.0	746
XP_057156345.1	XP_008008385.1	95.924	368	15	0	44	411	26	393	0.0	733
XP_057156345.1	XP_003912321.1	95.652	368	16	0	44	411	26	393	0.0	731
XP_057156345.1	AAB91535.1	95.380	368	17	0	44	411	26	393	0.0	729
XP_057156345.1	ABL09846.1	96.739	368	1	1	44	411	26	382	0.0	728
XP_004058559.3	XP_004058559.3	100.000	393	0	0	1	393	1	393	0.0	814
XP_004058559.3	XP_030656345.1	97.710	393	9	0	1	393	1	393	0.0	795
XP_004058559.3	XP_008008385.1	95.929	393	16	0	1	393	1	393	0.0	783
XP_004058559.3	XP_003912321.1	95.674	393	17	0	1	393	1	393	0.0	782
XP_004058559.3	AAB91535.1	95.420	393	18	0	1	393	1	393	0.0	780
XP_004058559.3	ABL09846.1	96.692	393	2	1	1	393	1	382	0.0	778
XP_004058559.3	XP_057156345.1	99.728	368	1	0	26	393	44	411	0.0	761
XP_030656345.1	XP_030656345.1	100.000	393	0	0	1	393	1	393	0.0	816
XP_030656345.1	XP_004058559.3	97.710	393	9	0	1	393	1	393	0.0	795
XP_030656345.1	XP_008008385.1	95.929	393	16	0	1	393	1	393	0.0	782
XP_030656345.1	XP_003912321.1	95.674	393	17	0	1	393	1	393	0.0	781
XP_030656345.1	ABL09846.1	94.911	393	9	1	1	393	1	382	0.0	763
XP_030656345.1	XP_057156345.1	97.826	368	8	0	26	393	44	411	0.0	746
XP_030656345.1	AAB91535.1	95.420	393	18	0	1	393	1	393	0.0	737
XP_030656345.1	XP_003819736.1	30.952	42	29	0	70	111	610	651	9.2	20.4
ABL09846.1	ABL09846.1	100.000	382	0	0	1	382	1	382	0.0	791
ABL09846.1	XP_004058559.3	96.692	393	2	1	1	382	1	393	0.0	778
ABL09846.1	XP_030656345.1	94.911	393	9	1	1	382	1	393	0.0	763
ABL09846.1	XP_008008385.1	92.875	393	17	1	1	382	1	393	0.0	750
ABL09846.1	XP_057156345.1	96.739	368	1	1	26	382	44	411	0.0	728
ABL09846.1	XP_003912321.1	92.621	393	18	1	1	382	1	393	0.0	709
ABL09846.1	AAB91535.1	92.366	393	19	1	1	382	1	393	0.0	706
XP_008008385.1	XP_008008385.1	100.000	393	0	0	1	393	1	393	0.0	815
XP_008008385.1	XP_003912321.1	99.746	393	1	0	1	393	1	393	0.0	813
XP_008008385.1	AAB91535.1	99.491	393	2	0	1	393	1	393	0.0	811
XP_008008385.1	XP_004058559.3	95.929	393	16	0	1	393	1	393	0.0	783
XP_008008385.1	XP_030656345.1	95.929	393	16	0	1	393	1	393	0.0	782
XP_008008385.1	ABL09846.1	92.875	393	17	1	1	393	1	382	0.0	750
XP_008008385.1	XP_057156345.1	95.924	368	15	0	26	393	44	411	0.0	733
XP_003912321.1	XP_003912321.1	100.000	393	0	0	1	393	1	393	0.0	815
XP_003912321.1	XP_008008385.1	99.746	393	1	0	1	393	1	393	0.0	813
XP_003912321.1	AAB91535.1	99.237	393	3	0	1	393	1	393	0.0	810
XP_003912321.1	XP_004058559.3	95.674	393	17	0	1	393	1	393	0.0	782
XP_003912321.1	XP_030656345.1	95.674	393	17	0	1	393	1	393	0.0	781
XP_003912321.1	XP_057156345.1	95.652	368	16	0	26	393	44	411	0.0	731
XP_003912321.1	ABL09846.1	92.621	393	18	1	1	393	1	382	0.0	698
AAB91535.1	AAB91535.1	100.000	393	0	0	1	393	1	393	0.0	815
AAB91535.1	XP_008008385.1	99.491	393	2	0	1	393	1	393	0.0	811
AAB91535.1	XP_003912321.1	99.237	393	3	0	1	393	1	393	0.0	810
AAB91535.1	XP_004058559.3	95.420	393	18	0	1	393	1	393	0.0	780
AAB91535.1	XP_030656345.1	95.420	393	18	0	1	393	1	393	0.0	736
AAB91535.1	XP_057156345.1	95.380	368	17	0	26	393	44	411	0.0	729
AAB91535.1	ABL09846.1	92.366	393	19	1	1	393	1	382	0.0	695
